uniprot_id,sequence,site,original_id_site
W5PBZ8,MFETQILLLRMKLFSISSLSLPEALQRPVASDFEPQGLSEAARWNSKENLLAGPSENDPNLFVALYDFVASGDNTLSITKGEKLRVLGYNHNGEWCEAQTKNGQGWVPSNYITPVNSLEKHSWYHGPVSRNAAEYLLSSGINGSFLVRESESSPGQRSISLRYEGRVYHYRINTASDGKLYVSSESRFNTLAELVHHHSTVADGLITTLHYPAPKRNKPTDGVSPNYDKWEMERTDITMKHKLGGGQYGEVYEGVWKKYSLTVAVKTLKEDTMEVEEFLKEAAVMKEIKHPNLVQLLGVCTREPPFYIITEFMTYGNLLDYLRDCNRQEVNAVVLLYMATQISSAMEYLEKKNFIHRDLAARNCLVGENHLVKVADFGLSRLMTGDTYTAHAGAKFPIKWTAPESLAYNKFSIKSDIWAFGVLLWEIATYGMSPYPGIDLSQVYELLEKDYRMERPEGCPEKVYELMRACWQWNPSDRPSFAEIHQAFETMFQESSISDEVEKELGKKGMRGVAGTLLQAPELPTKTRTSRRAAEHKDTPDMPETPHSKGPGETDPVDHEPAVSPLLPRKERGPPDGGLNEDERLLPKDKKTNLFSALIKKKKKTAPTPPKRSSSFREMDGPPERKAASEEEGREISNGALAPAPLDTAESAKMPKPSSGAGVPNGAFRESGGAGFRSPHLWKKSSTLTSSRLAAGEEESGGGASKRFLRSCSASCVPHGAKDTEWRSVTLPRDLQSTSRQFDSSTFGGHKSEKPALPRKRASENRSDQMTRGTVTPPPRLVKKTEEAADEVFKDAAEASPGSSPPSLTPKPLRRQGGKANPVALAVGAVNNNTTKPGQLGEGAKKPALPSVPKPPASTKPAGTPTSPAPTPTTLPSAPSALAGDQPSSTAFIPLISTRVSLRKTRQPPERIASGAITKGMVLDGTEALCLAISKNSEQMASHSAVLEAGKNLYTFCVSYVDSIQQMRNKFAFREAINKLENNLRELQICPATAGGGPAATQDFSKLLSSVKEISDIVQR,730,P00519_735
A0A669DCY7,MGQQPGKLVGDQRRPSLPAFIKGSKKESSRHGNQPCNVFAVHEALQKPEIEGQGLTEAARWNSKENLLAGPSENDPNLFVALYDFVASGDNTLSITKGEKLRVLCYNHNGEWCEAQTKNGQGWVPSNYITPVNSLEKHSWYHGPVSRNAAEYLLSSGINGSFLVRESESSPGQRSISLRYEGRVYHYRINTASDGKLYVSSDSRFNTLAELVHHHSTVADGLITTLHYPAPKRNKPTIYGVSPNYDKWEMERTDITMKHKLGGGQYGEVYEGVWKKYNLTVAVKTLKEDTMEVEEFLKEAAVMKEIKHPNLVQLLGVCTREPPFYIITEFMTHGNLLDYLRECNREEVNAVVLLHMATQISSAMEYLEKKNFIHRDLAARNCLVGENHLVKVADFGLSRLMIGDTYTAHAGAKFPIKWTAPESLAYNKFSIKSDVWAFGVLLWEIATYGMSPYPGIDLSQVYELLEKDYRMDRPEGCPEKVYELMMACWKWNPSERPTFAETHQAFETMFQESSISDEVEKELGKKGKKTLGSIQQAPELPTKTRPRKSNIDSRDTESPDLLETEGAVSSPMLPRKERPVLDSNLNEDDRLLPKDKDKTRGFLSLIKKKKKSAPTPPTRSSSFKGDYSDIFNNGASLGINDTIHGLLSTNNNGAAGITNGAPSYPVPFCPRKKLHLVVTSPGGKGATTPPSEEEPFSNSRFFWPMPTGSDGTECKSVTLPRDLSHRRFDTGTVGGKPALPRKQQKGENTPRMGTLTPPPRLNTSPDISSTFLGRDNDLSPGSSPKALTPKVVKRPNASGPESSKTSALHAELLKPNVFPPMGAAGEECRARRNKHTEFSSSRDRVKIQKPKPAPPPPPTNAKTGKVSRSPTQELPSPTASEIKAKLTSSPSSQSLGGLSSPLTSPTDPTSPTAFTPLAKTRSSLRKTAPRQASERTPNSAVTREMVLEGTELLRAAISRNSEQTGSHSAVLEAGKNLSKYCVSYVDSIQQMRNKFAFREAINKLESSLRELQICPNATGGSSAQQDFSKLLSSVKEISDIVQR,718,P00519_735
A0A8B9H0C0,MLEICLKLVGCKSKKGLSSSSSYYFEEALQRPDFDSPGLSEAARWNSKENLLAGPSENDPNLFVALYDFVASGDNTLSITKGEKLRVLGYNHNGEWCEAQTKNGQGWVPSNYITPVNSLEKHSWYHGPVSRNAAEYLLSSGINGSFLVRESESSPGQRSISLRYEGRVYHYRINTASDGKLYVSSESRFNTLAELVHHHSTVADGLITTLHYPAPKRNKPTIYGVSPNYDKWEMERTDITMKHKLGGGQYGEVYEGVWKKYNLTVAVKTLKEDTMEVEEFLKEAAVMKEIKHPNLVQLLGVCTREPPFYIITEFMTHGNLLDYLRECNRQEVNAVVLLYMATQISSAMEYLEKKNFIHRDLAARNCLVGENHLVKVADFGLSRLMTGDTYTAHAGAKFPIKWTAPESLAYNKFSIKSDVWAFGVLLWEIATYGMSPYPGIDLSQVYELLEKDYRMDRPEGCPEKVYELMRACWKWNPAERPSFAETHQAFETMFQESSIFDEVEKELGKKSKKLTLGSLQQAPELPTKTRTLRRNMDKDGDNAAEAEVAISPMLPRKERPLVDSNLNEDDRLIHRDKAKSSLNPFNLIKKKKKTAPAPPKRSSSFKEDRHHDLRGLVTDARDDFNNGSPTNDGNPGIDALKFLCANNNGAGGVTNGAPTYPGQLFVQQSRKKVTAATSSISGKMATTPPGEEDFMSSNSKRFLRSSSASSMPPGSDRTEWKSVTLPRDLQPRHFESGTFGGKPALPRKRANDLKPESTPRGGTLTPPPRLPKKTDDASDDVFKDPESSPGSSPHTLTPKLGHRAQTLSSDSSKTSSLQAELLKFPGLGAAGEECRARRHKQPLDLSTQRERDRGKFAKPKPAPPPPPPSSMKSGKSSRSPTQDLPPSSQEGTKKLNTSKGQPSRTSSSTSPTNPPLGVGSGSPVGDQASATAFIPLMNTRRSLRKTRQPTERFSSSAITREMVLESTELLRAAISRNSEQTGSHSAVLEAGKNLSKYCVSYVESIQQMRNKFAFREAINKLESSLRELQICPTATGGANTPQDFSKLLSSVKEISDIVQR,724,P00519_735
P00519-1,MLEICLKLVGCKSKKGLSSSSSCYLEEALQRPVASDFEPQGLSEAARWNSKENLLAGPSENDPNLFVALYDFVASGDNTLSITKGEKLRVLGYNHNGEWCEAQTKNGQGWVPSNYITPVNSLEKHSWYHGPVSRNAAEYLLSSGINGSFLVRESESSPGQRSISLRYEGRVYHYRINTASDGKLYVSSESRFNTLAELVHHHSTVADGLITTLHYPAPKRNKPTVYGVSPNYDKWEMERTDITMKHKLGGGQYGEVYEGVWKKYSLTVAVKTLKEDTMEVEEFLKEAAVMKEIKHPNLVQLLGVCTREPPFYIITEFMTYGNLLDYLRECNRQEVNAVVLLYMATQISSAMEYLEKKNFIHRDLAARNCLVGENHLVKVADFGLSRLMTGDTYTAHAGAKFPIKWTAPESLAYNKFSIKSDVWAFGVLLWEIATYGMSPYPGIDLSQVYELLEKDYRMERPEGCPEKVYELMRACWQWNPSDRPSFAEIHQAFETMFQESSISDEVEKELGKQGVRGAVSTLLQAPELPTKTRTSRRAAEHRDTTDVPEMPHSKGQGESDPLDHEPAVSPLLPRKERGPPEGGLNEDERLLPKDKKTNLFSALIKKKKKTAPTPPKRSSSFREMDGQPERRGAGEEEGRDISNGALAFTPLDTADPAKSPKPSNGAGVPNGALRESGGSGFRSPHLWKKSSTLTSSRLATGEEEGGGSSSKRFLRSCSASCVPHGAKDTEWRSVTLPRDLQSTGRQFDSSTFGGHKSEKPALPRKRAGENRSDQVTRGTVTPPPRLVKKNEEAADEVFKDIMESSPGSSPPNLTPKPLRRQVTVAPASGLPHKEEAGKGSALGTPAAAEPVTPTSKAGSGAPGGTSKGPAEESRVRRHKHSSESPGRDKGKLSRLKPAPPPPPAASAGKAGGKPSQSPSQEAAGEAVLGAKTKATSLVDAVNSDAAKPSQPGEGLKKPVLPATPKPQSAKPSGTPISPAPVPSTLPSASSALAGDQPSSTAFIPLISTRVSLRKTRQPPERIASGAITKGVVLDSTEALCLAISRNSEQMASHSAVLEAGKNLYTFCVSYVDSIQQMRNKFAFREAINKLENNLRELQICPATAGSGPAATQDFSKLLSSVKEISDIVQR,735,P00519_735
M1ECR8,AGEGLPHGASGRLPXXEGCPEKVHGLMRACWQWNPSDRPSFAEIHQAFETMFQESSISDEVEKELGKQGVRGVASTLLQAPELPTKTRTSRRAAEHKDPTEVPETPHSKGPGETEPLDHEPPVSPLLPRKERGPQYGGLNEDERLLPKDKKTNLFSALIKKKKKTAPTPPKRSSSFREMDGQPERKATSEEEGRETSNGAPVLTPSDAAEPAKSPKPSSRAGVPNGAFRESGGAGFRSPHLWKKSSTLTSGRLAASEEESGRGGSSASKRFLRSCSASCVPHGAKDTEWRSVTLPRDLQSTGRQFDSSTFGGHKSEKPALPRKRASENRSDQVTRGTVTPPPRLVKKTEDAADEVFRDAGEASPGSSPPSLTPKLLRRQVAGASSSGLPHKDEVGKSGALGTIVAAEPVPATSRAGPGASGGAGKAPTEEPRARRHKPSSESPGRDKGKLSKLKPVPPPPPPASAGKAGKPSQSQSQEAAGEAGAGGKAKAAAMVVDAVNSDTVKPGPLGEGVKKPGLPSMPKPQSSSKPAGTPTSPAPAPSASPSASSALAGDQPASTAFIPLISTRVSLRKTRQPPERIASGTITKGVVLDGTEALCLAISKNSEQMASHSAVLEAGKNLYTFCVSYVDSIQQMRNKFAFREAINKLENNLRELQICPATAGSGPAATQDFSKLLSSVKEISDIVQ,293,P00519_735
L8Y8C3,MAMEMRLPVARKRLSESLGRETKKHLVVPGDTITTDTGFMRGHGTYMGEEKLIASVAGSVERVNKLICVKALKTRYNGEVGDIVVGRITELGQGVLVQVSPSLVKRQKTHFHDLPCGASVILGNNGFIWIYPTPEHKEDDAGGFVANLEPVSLSDREVISRLRNCIVSLVTQRMLLYDTSILYCYEASLPHQEDTMEVEEFLKEAAVMKEIKHPNLVQLLGVCTREPPFYIITEFMTYGNLLDYLRECNRQEVNAVVLLYMATQISSAMEYLEKKNFIHRDLAARNCLVGENHLVKVADFGLSRLMTGDTYTAHAGAKFPIKWTAPESLAYNKFSIKSDVWAFGVLLWEIATYGMSPYPGIDLSQVYELLEKDYRMERPEGCPEKVYELMRACWQWNPSDRPSFAEIHQAFETMFQESSISDEVEKELGKQGVRGAASTFLQAPELPTKTRTSRRATEPKDADAPDMPHSKGQGESDPLDHEPAVSPLLPRKERGPSDGGLNEDERLLPKDKKTNLFSALIKKKKKTAPAPPKRSSSFREMDGQPERRGPGEEEGREVNNGALVLTPADTAEPAKGPKSSNGAVVPNGAFRESGGSGFRSPHLWKKSSTLTSSRLAASEEEQGGSASKRFLRSCSASCVPHGAKDAEWRSVTLPRDLQSTGRQFDSSTFGGHKSEKPALPRKRASENRSDQAARGTGTPPPRLLKKNEEAADEVFKDATESSPGSSPPSLTPKLLRRQVMVPPSSSLPHKDEAGKGSALGTPAAAEPVPPTSRVGSGIPGGTSKAPTEEPRGRRHKHASESPGRDKGKLAKLKPAPPSAALAGDQPSSTAFVPLISTRVSLRKTRQPPERISSGAITKGVVLDGTEALCLAISKNSEQMASHSAVLEAGKNLYTFCVSYVDSIQQMRNKFAFREAINKLENNLRELQICPATAGSGPAATQDFSKLLSSVKEISDIVQR,652,P00519_735
H2ULL5,MWSCMGKPFENMTYHTPTDLPRRGIVWVFHLTEAARWNSKENLLAGPSENDPNLFVALYDFVASGDNTLSITKGEKLRVLGYNHNGEWCEAQTKNGQGWVPSNYITPVNSLEKHSWYHGPVSRNAAEYLLSSGINGSFLVRESESSPGQRSISLRYEGRVYHYRINTASDGKLYVSSESRFNTLAELVHHHSTVADGLITTLHYPAPKRNKPTIYGVSPNYDKWEMERTDITMKHKLGGGQYGEVYEGVWKKYNLTVAVKTLKEDTMEVEEFLKEAAVMKEIKHPNLVQLLGVCTREPPFYIITEFMTHGNLLDYLRECNREEVNAVVLLYMATQISSAMEYLEKKNFIHRDLAARNCLVGENHLVKVADFGLSRLMTGDTYTAHAGAKFPIKWTAPESLAYNKFSIKSDVWAFGVLLWEIATYGMSPYPGIDLSLVYELLEKDYRMDRPEGCPEKVYELMTACWRWNPAERPSFAETHQAFETMFQESSISDEVEKELGKKGKKATFGSIQQAPELPTKTRTLRKNMDTRDGDSPGKKIPEGAVSSPMLPRKERLLLDTNLNEDDRLLPKDKDKTRSGLLGLIKKKKKNAPTPPKRSSSFREMDAHHDRRGLIPDPRDGDCFNNGITLPINDLSPGLDSTKLLVTNNNGAVGITNGAPAFPGPLFPWKKGAPAVPGPGGKAATTPPNEEESMSNSKRFLWSSSMPVGSDGTEWKSVTLPRDLGQRHFDSGTFGGKPALPRKRNGEQKGEHTRRMGTLTPPPRLNTSPDLSSATLAKDTDPSPGSSPQALTPKAVRRPEVPGLDSLKTSALHAELLKANVFPALGAAAEESRARRQKHAADSASVRERGKLQKPKPAPPPPPTSTKTSKVSRSPTQEPPSPSPTTSDIRAKLPSVSEPHHTTTASDQTRSPLSEGAKKLPLGSASKPQPLKTSSSSTSVSASLSSQSLGGFSSSLTSPGDQSSPTAFIPLVNTRRSLRKTAPRQASERTPNSAVTRDMVLEGTELLRAAICRNSEQTGSHSAVLEAGKNLSKYCMSYVDSIQQMRNKFAFREAINKLESSLRELQICPTATGGANAQQDFSKLLSSVKEISDIVQR,718,P00519_735
A9UF02,MVDPVGFAEAWKAQFPDSEPPRMELRSVGDIEQELERCKASIRRLEQEVNQERFRMIYLQTLLAKEKKSYDRQRWGFRRAAQAPDGASEPRASASRPQPAPADGADPPPAEEPEARPDGEGSPGKARPGTARRPGAAASGERDDRGPPASVAALRSNFERIRKGHGQPGADAEKPFYVNVEFHHERGLVKVNDKEVSDRISSLGSQAMQMERKKSQHGAGSSVGDASRPPYRGRSSESSCGVDGDYEDAELNPRFLKDNLIDANGGSRPPWPPLEYQPYQSIYVGGMMEGEGKGPLLRSQSTSEQEKRLTWPRRSYSPRSFEDCGGGYTPDCSSNENLTSSEEDFSSGQSSRVSPSPTTYRMFRDKSRSPSQNSQQSFDSSSPPTPQCHKRHRHCPVVVSEATIVGVRKTGQIWPNDGEGAFHGDADGSFGTPPGYGCAADRAEEQRRHQDGLPYIDDSPSSSPHLSSKGRGSRDALVSGALESTKASELDLEKGLEMRKWVLSGILASEETYLSHLQMLTNSCVKLQTVHSIPLTINKEEALQRPVASDFEPQGLSEAARWNSKENLLAGPSENDPNLFVALYDFVASGDNTLSITKGEKLRVLGYNHNGEWCEAQTKNGQGWVPSNYITPVNSLEKHSWYHGPVSRNAAEYLLSSGINGSFLVRESESSPGQRSISLRYEGRVYHYRINTASDGKLYVSSESRFNTLAELVHHHSTVADGLITTLHYPAPKRNKPTVYGVSPNYDKWEMERTDITMKHKLGGGQYGEVYEGVWKKYSLTVAVKTLKEDTMEVEEFLKEAAVMKEIKHPNLVQLLGVCTREPPFYIITEFMTYGNLLDYLRECNRQEVNAVVLLYMATQISSAMEYLEKKNFIHRDLAARNCLVGENHLVKVADFGLSRLMTGDTYTAHAGAKFPIKWTAPESLAYNKFSIKSDVWAFGVLLWEIATYGMSPYPGIDLSQVYELLEKDYRMERPEGCPEKVYELMRACWQWNPSDRPSFAEIHQAFETMFQESSISDEVEKELGKQGVRGAVSTLLQAPELPTKTRTSRRAAEHRDTTDVPEMPHSKGQGESDPLDHEPAVSPLLPRKERGPPEGGLNEDERLLPKDKKTNLFSALIKKKKKTAPTPPKRSSSFREMDGQPERRGAGEEEGRDISNGALAFTPLDTADPAKSPKPSNGAGVPNGALRESGGSGFRSPHLWKKSSTLTSSRLATGEEEGGGSSSKRFLRSCSASCVPHGAKDTEWRSVTLPRDLQSTGRQFDSSTFGGHKSEKPALPRKRAGENRSDQVTRGTVTPPPRLVKKNEEAADEVFKDIMESSPGSSPPNLTPKPLRRQVTVAPASGLPHKEEAGKGSALGTPAAAEPVTPTSKAGSGAPGGTSKGPAEESRVRRHKHSSESPGRDKGKLSRLKPAPPPPPAASAGKAGGKPSQSPSQEAAGEAVLGAKTKATSLVDAVNSDAAKPSQPGEGLKKPVLPATPKPQSAKPSGTPISPAPVPSTLPSASSALAGDQPSSTAFIPLISTRVSLRKTRQPPERIASGAITKGVVLDSTEALCLAISRNSEQMASHSAVLEAGKNLYTFCVSYVDSIQQMRNKFAFREAINKLENNLRELQICPATAGSGPAATQDFSKLLSSVKEISDIVQR,1249,P00519_735
H3B794,MGQQPGKVLGDQRRPSLPALHFIKGGKKDSSRHVPPCNVFVEHEALQRPIVSDFEPQGLSEAARWNSKENLLAGPSENDPNLFVALYDFVASGDNTLSITKGEKLRVLGYNHNGEWCEAQTKNGQGWVPSNYITPVNSLEKHSWYHGPVSRNAAEYLLSSGINGSFLVRESESSPGQRSISLRYEGRVYHYRINTASDGKLFVSSESRFNTLAELVHHHSTVADGLITTLHYPAPKRNKPTIYGVSPNYDKWEIERTDITMKHKLGGGQYGEVYEGVWKKYNLTVAVKTLKEDTMEVEEFLKEAAVMKEIKHPNLVQLLGVCTREPPFYIITEFMTHGNLLDYLRDCNREEVNAVVLLYMATQISSAMEYLEKKNFIHRDLAARNCLVGENHLVKVADFGLSRLMTGDTYTAHAGAKFPIKWTAPESLAYNKFSIKSDVWAFGVLLWEIATYGMSPYPGIDLSQVYELLEKDYRMERPEGCPEKVYELMRACWKWNPADRHSFAEIHQAFETMFQESSISDEVEKELEKKGGKGAMCNLPQAPELPTKTRTIRRPTESKEANENLDTPHSKAAGELDPLDQESAVSPILPGKERVLLDSNLNEDERLLPKDKKSGLFSALIKKKKKTAPTPPKRSSSFREMDGHLERRGEAVDECPSGSRDISNGTFVMPLGETLDPSKFQSTSNGAGVTNGTASGAVGWFSPHLRKKSSTLASNRAAGNEEEPSSSSSSNISSNKRFLRSCSASSMPPGTKEMEWKSVTLPRDLQSTVRQLDSSTFGCNRSEKPALPRKRASENKNDLTPRGTVTPPPRLPRKTEELADEVFKDTESSPGSSPPTSTPKLVRRQPAVSSINPSLKEEGQKTSALGSTFHPDQISTMKQNPIIFTSVVKASGEESRMRRLKQSPDHSVKDKGKLTKPKPAPPPPPPSTGKPGKPSSRSPSHETAGDSTAGAKLKHLTQVVDPVSGDVAKPSQLGEGIKKAILPSIPKPQSSTKPSMVVGTVVSTAPVTSSSSPSTLPNSSGDQQSSTAFNPLIPTRVSLRKTRQPPEKIASGTITKDIVLESTEALRAAISKNSEQLASHSVVLEAGKNLYTFCVNYVDSIQQMRNKFAFREAINKLENNLRELQICPASSSSPAAAQDFTKLLSSVKEISDIVQR,760,P00519_735
